cl1 = 1;
Point(1) = {0, 0, 0, cl1};
Point(2) = {1, 0, 0, cl1};
Point(3) = {0.5, 0.8660254037844386, 0, cl1};
Point(4) = {0.5000000000002699, 0.4330127018925022, 0, cl1};
Point(5) = {0.4375000000001694, 0.3247595264196257, 0, cl1};
Point(6) = {0.5625000000000808, 0.3247595264192282, 0, cl1};
Line(7) = {1, 2};
Line(8) = {2, 3};
Line(9) = {3, 1};
Line(12) = {4, 5};
Line(13) = {5, 6};
Line(14) = {6, 4};
Line Loop(23) = {9, 7, 8};
Plane Surface(23) = {23};
Physical Line(20) = {12, 13, 14};
Physical Surface(24) = {23};
